0.0 0.0 277.1963 72.20096
1.0 0.0 313.96414 81.24666
2.0 0.0 353.019 91.03333
3.0 0.0 393.2328 102.01085
4.0 0.0 434.7172 113.616425
5.0 0.0 477.11368 126.34714
6.0 0.0 519.7299 139.58
7.0 0.0 562.362 153.60532
8.0 0.0 603.784 168.29755
0.0 1.0 260.03854 105.35676
1.0 1.0 297.56256 115.20743
2.0 1.0 337.17285 126.30776
3.0 1.0 378.44528 138.1373
4.0 1.0 421.07114 150.89993
5.0 1.0 464.54053 164.44774
6.0 1.0 508.50677 178.62518
7.0 1.0 552.41364 193.25298
8.0 1.0 595.4541 208.16711
0.0 2.0 242.45097 140.6219
1.0 2.0 280.2096 151.79578
2.0 2.0 320.51935 163.91896
3.0 2.0 362.61816 177.00775
4.0 2.0 406.07892 190.71178
5.0 2.0 450.6888 205.27307
6.0 2.0 495.9281 220.15718
7.0 2.0 541.2178 235.30359
8.0 2.0 585.3267 250.70087
0.0 3.0 224.17796 177.8871
1.0 3.0 262.49594 190.5555
2.0 3.0 303.17877 203.89424
3.0 3.0 345.79678 218.18791
4.0 3.0 390.01465 232.96855
5.0 3.0 435.5939 248.37943
6.0 3.0 481.9497 264.0864
7.0 3.0 528.271 279.97467
8.0 3.0 573.57367 295.57816
0.0 4.0 205.89719 217.12076
1.0 4.0 244.13309 231.03491
2.0 4.0 284.9946 245.74509
3.0 4.0 327.98578 261.40088
4.0 4.0 373.09537 277.3749
5.0 4.0 419.44812 293.7587
6.0 4.0 466.5365 310.29
7.0 4.0 513.8261 326.68854
8.0 4.0 559.8833 342.7581
0.0 5.0 187.29903 257.4305
1.0 5.0 225.44475 272.79196
2.0 5.0 266.59933 289.13867
3.0 5.0 309.9763 305.9744
4.0 5.0 355.30536 323.20367
5.0 5.0 402.11703 340.5039
6.0 5.0 449.8517 357.6727
7.0 5.0 497.8023 374.59332
8.0 5.0 544.75183 390.7132
