0.0 0.0 188.52176 130.59633
1.0 0.0 223.2543 127.10605
2.0 0.0 260.33713 123.72382
3.0 0.0 299.3135 120.21029
4.0 0.0 340.14276 117.28229
5.0 0.0 382.4117 114.390594
6.0 0.0 425.8446 112.190895
7.0 0.0 470.29395 110.21007
8.0 0.0 514.5627 109.1575
0.0 1.0 185.58257 168.31445
1.0 1.0 220.92555 165.85988
2.0 1.0 258.52222 163.19373
3.0 1.0 298.1204 160.62053
4.0 1.0 339.50348 158.40747
5.0 1.0 382.6744 156.35828
6.0 1.0 427.01666 154.5337
7.0 1.0 472.39154 153.32446
8.0 1.0 517.5066 152.16776
0.0 2.0 183.3049 207.50345
1.0 2.0 218.83781 205.89511
2.0 2.0 256.93588 204.27267
3.0 2.0 297.06647 202.78793
4.0 2.0 338.93033 201.50641
5.0 2.0 382.7601 200.21939
6.0 2.0 427.8914 198.93939
7.0 2.0 473.99194 198.02429
8.0 2.0 519.8598 197.20404
0.0 3.0 181.26213 247.42744
1.0 3.0 217.25883 246.82684
2.0 3.0 255.4454 246.43456
3.0 3.0 296.09604 246.13138
4.0 3.0 338.54727 245.72778
5.0 3.0 382.7153 245.33481
6.0 3.0 428.47397 244.55363
7.0 3.0 474.92773 244.14186
8.0 3.0 521.37897 243.59624
0.0 4.0 180.17418 287.82043
1.0 4.0 216.08049 288.64847
2.0 4.0 254.62248 289.6514
3.0 4.0 295.2498 290.25952
4.0 4.0 338.1258 290.76868
5.0 4.0 382.58835 291.2879
6.0 4.0 428.59717 291.46115
7.0 4.0 475.36432 291.32504
8.0 4.0 522.1947 290.90952
0.0 5.0 179.37009 328.1957
1.0 5.0 215.26682 330.4202
2.0 5.0 253.8779 332.34198
3.0 5.0 294.7347 334.31122
4.0 5.0 337.5272 335.8933
5.0 5.0 382.264 337.24457
6.0 5.0 428.28598 337.8982
7.0 5.0 475.09888 338.222
8.0 5.0 522.0513 338.1299
