0.0 0.0 256.43854 362.37518
1.0 0.0 255.23813 334.4244
2.0 0.0 254.3047 308.90814
3.0 0.0 253.28555 280.3951
4.0 0.0 252.6328 248.56088
5.0 0.0 251.75056 212.81516
6.0 0.0 251.25952 172.68326
7.0 0.0 251.0968 127.98352
8.0 0.0 251.46336 78.19004
0.0 1.0 291.00815 369.33377
1.0 1.0 292.61478 343.4496
2.0 1.0 293.6344 318.09045
3.0 1.0 295.14844 289.76086
4.0 1.0 296.85318 258.0653
5.0 1.0 298.76303 222.35844
6.0 1.0 301.10803 182.12656
7.0 1.0 303.75592 136.99808
8.0 1.0 307.06628 86.7118
0.0 2.0 327.49234 378.27844
1.0 2.0 330.83377 352.21954
2.0 2.0 334.24542 327.16162
3.0 2.0 338.07065 299.22272
4.0 2.0 342.2667 267.76385
5.0 2.0 347.08716 232.24538
6.0 2.0 352.37762 192.20969
7.0 2.0 358.42426 146.96034
8.0 2.0 365.12714 96.77871
0.0 3.0 363.3161 386.21402
1.0 3.0 369.52237 360.48285
2.0 3.0 375.2773 336.10403
3.0 3.0 381.5933 308.35605
4.0 3.0 388.45346 277.45508
5.0 3.0 396.13586 242.3363
6.0 3.0 404.6047 202.72343
7.0 3.0 413.96667 157.7573
8.0 3.0 424.13232 107.84619
0.0 4.0 401.00034 391.43793
1.0 4.0 408.46115 368.60504
2.0 4.0 416.43082 344.54428
3.0 4.0 425.23926 317.36096
4.0 4.0 434.80084 286.7783
5.0 4.0 445.2837 252.39128
6.0 4.0 456.84183 213.54738
7.0 4.0 469.5197 169.35127
8.0 4.0 483.13724 120.09361
0.0 5.0 435.28348 402.62766
1.0 5.0 446.7141 376.14532
2.0 5.0 456.98428 352.4336
3.0 5.0 468.08008 325.7758
4.0 5.0 480.23 296.07745
5.0 5.0 493.46832 262.40375
6.0 5.0 507.86008 224.14752
7.0 5.0 523.48865 181.12685
8.0 5.0 540.10144 133.09557
